2.81955673676992 1 0.08484747674193438 0.3501382167139484
2.891517220659239 1 0.2201093524698141 0.5487014842803891
2.7345633149601793 1 0.09698646485759688 0.4594096147550144
2.922931283408003 1 0.10510348083422638 0.28727567826044986
4.1333776518228165 1 0.9474187412281695 0.7614598306335223
4.32822846358421 1 0.8937082167030657 0.4591879698219202
2.7636026645613074 1 0.2814347791586824 0.7992668937560573
4.39209563796312 1 0.7356372308086785 0.0791788236542369
4.186965771756587 1 0.7265796940559532 0.266193616355319
2.5399450753978607 1 0.054352144135371594 0.5687592128728822
3.4899574042706316 1 0.26492852266198297 0.03989964105333388
3.335789879126163 1 0.2883771662535386 0.2409644533809141
2.9532537950813684 1 0.25230008413056426 0.5513463731797601
3.0492353952641174 1 0.052346500271208796 0.05545760527830057
4.254071338454415 1 0.9518689981934195 0.6496666579324243
